RHS	RHO	RTS	RTO
79	205	151	242
356	464	447	500
597	679	658	724
817	901	884	952
1041	1129	1104	1170
1255	1342	1305	1381
1463	1548	1528	1583
1664	1739	1705	1784
1863	1930	1916	1977
2063	2147	2122	2186
2268	2348	2327	2392
2470	2555	2526	2592
2675	2753	2727	2792
2878	2955	2932	2996
3081	3159	3135	3202
3296	3369	3342	3414
3508	3588	3568	3626
3710	3789	3770	3830
3921	4002	3980	4045
4130	4205	4180	4252
4335	4421	4403	4461
4559	4628	4598	4678
4766	4839	4826	4885
4973	5045	5024	5088
5171	5245	5228	5288
5367	5439	5425	5480
5560	5610	5595	5670
5748	5826	5796	5865
5944	6015	5988	6060
6140	6199	6178	6257
6341	6423	6408	6461
6543	6627	6607	6664
6742	6818	6796	6854
6932	7017	7004	7055
7134	7216	7187	7254
7360	7440	7426	7478
7561	7636	7611	7680
7757	7827	7811	7874
7952	8019	7993	8069
8145	8210	8198	8266
8346	8418	8406	8466
8548	8623	8595	8663
8745	8808	8792	8857
8935	9003	8974	9052
9133	9184	9165	9249
9325	9383	9359	9441
9522	9591	9570	9634
9720	9797	9779	9840
