RHS	RHO	RTS	RTO
121	211	182	257
342	421	403	457
540	619	600	651
736	818	794	852
943	1022	1004	1067
1149	1222	1194	1265
1354	1430	1394	1472
1558	1640	1625	1673
1757	1834	1817	1868
1955	2025	2009	2068
2156	2220	2208	2270
2362	2436	2417	2475
2566	2644	2628	2680
2769	2840	2821	2888
2970	3045	3030	3091
3177	3257	3241	3287
3380	3455	3440	3497
3584	3662	3645	3700
3791	3865	3847	3902
3990	4067	4040	4102
4190	4268	4252	4299
4388	4467	4451	4500
4589	4662	4633	4702
4793	4871	4852	4904
4996	5072	5060	5110
5199	5271	5252	5315
5401	5480	5466	5519
5607	5694	5678	5728
5817	5899	5887	5929
6020	6098	6088	6132
6219	6297	6276	6326
6412	6485	6465	6520
6606	6680	6665	6714
6802	6874	6853	6911
7000	7073	7054	7108
7197	7264	7243	7303
7395	7470	7449	7509
7590	7671	7651	7704
7800	7880	7860	7913
7998	8078	8055	8113
8194	8277	8260	8308
8397	8484	8463	8518
8602	8689	8672	8719
8809	8890	8874	8925
9015	9101	9079	9130
9219	9294	9275	9346
