RHS	RHO	RTS	RTO
328	405	391	441
527	591	575	641
732	806	788	843
928	1003	982	1044
1134	1205	1188	1242
1336	1412	1398	1444
1530	1607	1594	1645
1731	1795	1780	1841
1929	2004	1982	2042
2131	2206	2183	2241
2327	2394	2376	2442
2530	2618	2599	2643
2737	2809	2790	2855
2945	3023	3003	3055
3150	3227	3206	3265
3354	3436	3414	3468
3559	3631	3606	3670
3763	3835	3813	3874
3965	4041	4026	4079
4169	4250	4234	4282
4373	4447	4433	4489
4577	4651	4635	4690
4782	4871	4851	4900
4990	5065	5045	5106
5197	5285	5268	5310
5405	5484	5466	5518
5608	5670	5654	5720
5811	5896	5872	5931
6023	6096	6078	6138
6234	6318	6298	6353
6444	6526	6510	6568
6656	6731	6716	6771
6867	6944	6927	6980
7070	7152	7134	7182
7270	7364	7341	7392
7483	7563	7544	7595
7693	7779	7764	7808
7900	7988	7967	8019
8116	8197	8179	8230
8318	8406	8387	8436
8526	8610	8588	8647
8743	8821	8798	8866
